144
805
351
861
330
244
354
39
533
255
479
422
908
159
278
193
670
916
429
308
252
163
692
13
214
141
901
552
602
818
535
435
610
180
590
483
273
601
496
117
673
400
382
169
180
644
69
392
934
78
856
606
475
316
476
690
642
496
615
963
413
404
910
597
636
121
154
113
421
919
542
18
51
759
160
548
824
940
33
135
167
383
739
569
571
754
814
681
197
60
863
303
54
763
925
306
186
760
129
690
421
204
857
851
725
161
9
779
419
907
16
378
87
549
346
16
207
240
767
973
179
197
735
466
136
372
304
413
496
549
398
897
882
452
989
916
404
722
206
834
737
646
676
38
40
706
833
273
987
130
298
187
584
135
268
150
648
753
218
299
449
788
92
396
835
849
917
520
931
150
513
157
239
736
553
23
279
107
941
559
212
356
437
887
496
654
843
593
233
584
544
191
523
384
522
254
313
817
942
964
400
384
912
40
712
605
813
0
504
508
769
381
877
330
577
508
127
245
351
510
120
653
486
486
825
487
313
274
290
120
852
443
46
973
374
55
233
833
898
22
751
745
529
89
811
425
149
286
328
345
564
248
967
498
135
652
366
939
390
526
985
520
730
234
824
969
383
326
845
49
220
460
608
341
953
238
329
500
307
322
105
518
790
565
901
317
864
188
431
16
294
949
403
639
805
204
436
968
319
265
969
648
241
95
255
661
157
304
619
8
344
715
60
640
673
552
755
305
893
2
105
692
668
979
827
520
233
734
12
374
643
557
895
50
451
106
464
149
809
267
534
311
943
654
734
514
522
596
679
802
449
67
670
305
459
956
782
751
161
75
253
694
421
732
182
3
990
922
734
241
329
242
981
879
630
631
876
194
244
31
189
229
233
731
931
932
49
676
375
73
194
176
356
525
771
867
591
496
55
914
362
149
863
649
700
527
296
498
858
633
714
598
616
315
749
510
470
